@0
seed=42
rf_ensenble=500
train_test_split=0
dataset=0
protein_k=4
rna_k=3
entropy_im=0
topk=5000
rf_ensenble=500
params={'a':2,
'ab':2}
auc-mean=0.9839295335454622
auc-stdv=0.19231984981223677
l1-mean=0.45968552438905874
l1-stdv=0.2007640880994602
binary_logloss-mean=12.935565862182903
binary_logloss-stdv=7.608411466292533

