@0
test_score=	{'acc': 0.9433373349339735, 'auc': 0.9439895389453805}
train_score=	0.97556876163035
RNA_K=	3
PROTEIN_K=	3
TOP_RATIO=	0.93

@0
test_score=	{'acc': 0.9411764705882353, 'auc': 0.9424873800824145}
train_score=	0.975928927306561
RNA_K=	3
PROTEIN_K=	3
TOP_RATIO=	0.9450000000000001

@0
test_score=	{'acc': 0.946218487394958, 'auc': 0.9466253472154865}
train_score=	0.9740080437001021
RNA_K=	3
PROTEIN_K=	3
TOP_RATIO=	0.96

